12
Sca_longest_orfs      0.0000000 0.6963062 0.4691939 0.1320363 0.1316983 0.6527710 0.3495274 0.4234643 0.4507480 0.3867447 0.2960936 0.4520153 
Umbra1                0.6963062 0.0000000 0.7723349 0.7217728 0.6864837 0.6651927 0.6821548 0.6639327 0.7828267 0.6783781 0.6640877 0.7843788 
Ccl_longest_orfs      0.4691939 0.7723349 0.0000000 0.4641097 0.4683589 0.7286576 0.4803264 0.4814465 0.5584171 0.5559579 0.5114272 0.5056620 
Rca_longest_orfs      0.1320363 0.7217728 0.4641097 0.0000000 0.1139889 0.6608603 0.3439353 0.4062074 0.4383450 0.3836057 0.2869839 0.4519009 
Gro_GLOM_longest_orfs 0.1316983 0.6864837 0.4683589 0.1139889 0.0000000 0.6344718 0.3385064 0.4137194 0.4478833 0.3716195 0.2910835 0.4360616 
Morel1                0.6527710 0.6651927 0.7286576 0.6608603 0.6344718 0.0000000 0.6806922 0.6524321 0.7224178 0.6382553 0.6330530 0.7912249 
Fmo_longest_orfs      0.3495274 0.6821548 0.4803264 0.3439353 0.3385064 0.6806922 0.0000000 0.4178521 0.4682174 0.2520746 0.3510758 0.4805960 
Pbr_longest_orfs      0.4234643 0.6639327 0.4814465 0.4062074 0.4137194 0.6524321 0.4178521 0.0000000 0.0631815 0.4478055 0.4100487 0.5450102 
Ale_longest_orfs      0.4507480 0.7828267 0.5584171 0.4383450 0.4478833 0.7224178 0.4682174 0.0631815 0.0000000 0.4769512 0.3986123 0.5464356 
Rir-Ref_longest_orfs  0.3867447 0.6783781 0.5559579 0.3836057 0.3716195 0.6382553 0.2520746 0.4478055 0.4769512 0.0000000 0.3917982 0.5137199 
Amo_longest_orfs      0.2960936 0.6640877 0.5114272 0.2869839 0.2910835 0.6330530 0.3510758 0.4100487 0.3986123 0.3917982 0.0000000 0.3823812 
Dve_longest_orfs      0.4520153 0.7843788 0.5056620 0.4519009 0.4360616 0.7912249 0.4805960 0.5450102 0.5464356 0.5137199 0.3823812 0.0000000 
