12
Rir-Ref_longest_orfs_step3_rep_c344_m.456                                     0.0000000 0.7726720 0.7267909 0.6575191 0.5582802 0.5912850 0.7727948 0.8495865 0.7088503 0.8135618 0.6609437 0.6628179 
Dve_longest_orfs_TRINITY_DN37325_c0_g1_i1_m.783                               0.7726720 0.0000000 0.3321039 0.2887841 0.2874199 0.3096117 0.3097936 0.3611798 0.3294436 0.2654169 0.2649038 0.2723555 
Ccl_longest_orfs_TRINITY_DN2880_c0_g1_i1_m.223                                0.7267909 0.3321039 0.0000000 0.2137836 0.2296902 0.2451838 0.2964578 0.3242686 0.2223696 0.2252266 0.2016472 0.2047660 
Morel1_Morel1_114531                                                          0.6575191 0.2887841 0.2137836 0.0000000 0.1953942 0.1953942 0.1872307 0.2492384 0.2521001 0.2092997 0.2370011 0.2178002 
Pbr_longest_orfs_TRINITY_DN118188_c0_g1_i1_m.9461                             0.5582802 0.2874199 0.2296902 0.1953942 0.0000000 0.0168124 0.2064096 0.2533238 0.2322344 0.1904987 0.1973149 0.2087124 
Ale_longest_orfs_TRINITY_DN105364_c0_g1_i1_m.1783                             0.5912850 0.3096117 0.2451838 0.1953942 0.0168124 0.0000000 0.1952750 0.2500091 0.2293178 0.2003411 0.2035848 0.2058641 
Umbra1_Umbra1_245954                                                          0.7727948 0.3097936 0.2964578 0.1872307 0.2064096 0.1952750 0.0000000 0.3153186 0.2639386 0.2225716 0.2117070 0.2191875 
Amo_longest_orfs_TRINITY_DN35528_c0_g1_i1_m.2528                              0.8495865 0.3611798 0.3242686 0.2492384 0.2533238 0.2500091 0.3153186 0.0000000 0.1603326 0.2287155 0.2065992 0.1720597 
Fmo_longest_orfs_TRINITY_DN40176_c0_g1_i1_m.5983                              0.7088503 0.3294436 0.2223696 0.2521001 0.2322344 0.2293178 0.2639386 0.1603326 0.0000000 0.1908175 0.1635492 0.1501889 
Sca_longest_orfs_TRINITY_DN13062_c0_g1_i1_m.4316                              0.8135618 0.2654169 0.2252266 0.2092997 0.1904987 0.2003411 0.2225716 0.2287155 0.1908175 0.0000000 0.0878787 0.0951452 
Gro_GLOM_longest_orfs_43_GTGGCC_L004_R1_paired_trimmed_paired_contig_97_m.105 0.6609437 0.2649038 0.2016472 0.2370011 0.1973149 0.2035848 0.2117070 0.2065992 0.1635492 0.0878787 0.0000000 0.0558360 
Rca_longest_orfs_TRINITY_DN24702_c0_g1_i1_m.1187                              0.6628179 0.2723555 0.2047660 0.2178002 0.2087124 0.2058641 0.2191875 0.1720597 0.1501889 0.0951452 0.0558360 0.0000000 
