12
Umbra1_Umbra1_220801                                                             0.0000000 0.1040654 0.1418053 0.0950097 0.1185194 0.1035250 0.1057085 0.0985374 0.1026840 0.1237392 0.0985861 0.1114286 
Morel1_Morel1_133161                                                             0.1040654 0.0000000 0.0900473 0.0840382 0.1045054 0.0915487 0.0927943 0.0805936 0.0891514 0.0790482 0.0792164 0.0685592 
Ccl_longest_orfs_TRINITY_DN15797_c0_g1_i1_m.2171                                 0.1418053 0.0900473 0.0000000 0.0778070 0.0871212 0.0828917 0.0785850 0.0752613 0.0828684 0.0814064 0.0822973 0.0755663 
Pbr_longest_orfs_TRINITY_DN54962_c0_g1_i1_m.7883                                 0.0950097 0.0840382 0.0778070 0.0000000 0.0000010 0.0517271 0.0578350 0.0428140 0.0447270 0.0371302 0.0387353 0.0394416 
Ale_longest_orfs_TRINITY_DN106779_c0_g1_i1_m.3042                                0.1185194 0.1045054 0.0871212 0.0000010 0.0000000 0.0729084 0.0640364 0.0658820 0.0647110 0.0429944 0.0518979 0.0514947 
Dve_longest_orfs_TRINITY_DN49340_c0_g1_i1_m.3688                                 0.1035250 0.0915487 0.0828917 0.0517271 0.0729084 0.0000000 0.0601464 0.0402904 0.0417860 0.0498042 0.0464461 0.0348705 
Sca_longest_orfs_TRINITY_DN8047_c0_g1_i1_m.1883                                  0.1057085 0.0927943 0.0785850 0.0578350 0.0640364 0.0601464 0.0000000 0.0512191 0.0373902 0.0314100 0.0539749 0.0404316 
Rir-Ref_longest_orfs_step3_c1400_m.1840                                          0.0985374 0.0805936 0.0752613 0.0428140 0.0658820 0.0402904 0.0512191 0.0000000 0.0348756 0.0305105 0.0355630 0.0324117 
Gro_GLOM_longest_orfs_43_GTGGCC_L004_R1_paired_trimmed_paired_contig_1562_m.1701 0.1026840 0.0891514 0.0828684 0.0447270 0.0647110 0.0417860 0.0373902 0.0348756 0.0000000 0.0239401 0.0424649 0.0330269 
Rca_longest_orfs_TRINITY_DN13603_c0_g1_i1_m.8507                                 0.1237392 0.0790482 0.0814064 0.0371302 0.0429944 0.0498042 0.0314100 0.0305105 0.0239401 0.0000000 0.0403226 0.0397208 
Fmo_longest_orfs_TRINITY_DN5330_c0_g1_i1_m.21                                    0.0985861 0.0792164 0.0822973 0.0387353 0.0518979 0.0464461 0.0539749 0.0355630 0.0424649 0.0403226 0.0000000 0.0294605 
Amo_longest_orfs_TRINITY_DN18530_c0_g1_i1_m.3581                                 0.1114286 0.0685592 0.0755663 0.0394416 0.0514947 0.0348705 0.0404316 0.0324117 0.0330269 0.0397208 0.0294605 0.0000000 
