12
Umbra1_Umbra1_247111                                                             0.0000000 0.4355039 0.3403355 0.3403355 0.4708192 0.8877129 0.3239975 0.3637047 0.3603751 0.3827692 0.3073088 0.2372120 
Morel1_Morel1_140384                                                             0.4355039 0.0000000 0.1962404 0.1962404 0.1794719 0.2444371 0.1839046 0.2126708 0.2096705 0.2120829 0.2126850 0.1457862 
Pbr_longest_orfs_TRINITY_DN52196_c0_g1_i1_m.3641                                 0.3403355 0.1962404 0.0000000 0.0000010 0.0876970 0.0704659 0.0320952 0.0457157 0.0453170 0.0505228 0.0483268 0.0308612 
Ale_longest_orfs_TRINITY_DN179243_c0_g1_i1_m.2764                                0.3403355 0.1962404 0.0000010 0.0000000 0.0876970 0.0704659 0.0320952 0.0457157 0.0453170 0.0505228 0.0483268 0.0308612 
Ccl_longest_orfs_TRINITY_DN19445_c0_g1_i1_m.3116                                 0.4708192 0.1794719 0.0876970 0.0876970 0.0000000 0.0472319 0.0572015 0.0594535 0.0594535 0.0645814 0.0634474 0.0439646 
Dve_longest_orfs_TRINITY_DN52361_c0_g1_i1_m.2364                                 0.8877129 0.2444371 0.0704659 0.0704659 0.0472319 0.0000000 0.0266463 0.0196195 0.0196195 0.0283497 0.0465847 0.0285591 
Amo_longest_orfs_TRINITY_DN31972_c0_g1_i1_m.1456                                 0.3239975 0.1839046 0.0320952 0.0320952 0.0572015 0.0266463 0.0000000 0.0205646 0.0186456 0.0209167 0.0304695 0.0123967 
Gro_GLOM_longest_orfs_43_GTGGCC_L004_R1_paired_trimmed_paired_contig_1843_m.1999 0.3637047 0.2126708 0.0457157 0.0457157 0.0594535 0.0196195 0.0205646 0.0000000 0.0016740 0.0085056 0.0273009 0.0101799 
Rca_longest_orfs_TRINITY_DN7711_c0_g1_i1_m.1814                                  0.3603751 0.2096705 0.0453170 0.0453170 0.0594535 0.0196195 0.0186456 0.0016740 0.0000000 0.0067818 0.0252841 0.0101799 
Sca_longest_orfs_TRINITY_DN12943_c0_g1_i1_m.2242                                 0.3827692 0.2120829 0.0505228 0.0505228 0.0645814 0.0283497 0.0209167 0.0085056 0.0067818 0.0000000 0.0283011 0.0060391 
Fmo_longest_orfs_TRINITY_DN5262_c0_g1_i1_m.4578                                  0.3073088 0.2126850 0.0483268 0.0483268 0.0634474 0.0465847 0.0304695 0.0273009 0.0252841 0.0283011 0.0000000 0.0059338 
Rir-Ref_longest_orfs_step3_c426_m.557                                            0.2372120 0.1457862 0.0308612 0.0308612 0.0439646 0.0285591 0.0123967 0.0101799 0.0101799 0.0060391 0.0059338 0.0000000 
