10
Pbr_longest_orfs_TRINITY_DN63825_c0_g1_i1_m.7532                                 0.0000000 0.0000010 1.1574248 1.4733295 1.2404257 1.1853958 1.2356035 1.2753074 1.5798819 1.1351506 
Ale_longest_orfs_TRINITY_DN109072_c0_g1_i1_m.1949                                0.0000010 0.0000000 1.1574248 1.4733295 1.2404257 1.1853958 1.2356035 1.2753074 1.5798819 1.1351506 
Ccl_longest_orfs_TRINITY_DN18937_c0_g1_i1_m.4217                                 1.1574248 1.1574248 0.0000000 1.0151863 1.4824798 1.2567719 1.2551637 1.1972063 2.2707089 1.5308493 
Fmo_longest_orfs_TRINITY_DN23388_c0_g1_i1_m.2296                                 1.4733295 1.4733295 1.0151863 0.0000000 0.5538152 0.7826114 0.7494948 0.9052348 1.0766506 0.9110994 
Rir-Ref_longest_orfs_remain_c702_m.4803                                          1.2404257 1.2404257 1.4824798 0.5538152 0.0000000 0.9775426 1.2013314 1.0581671 1.1400490 1.0197395 
Rca_longest_orfs_TRINITY_DN27997_c0_g1_i1_m.1985                                 1.1853958 1.1853958 1.2567719 0.7826114 0.9775426 0.0000000 0.4402770 0.2674908 0.6954213 0.6145633 
Gro_GLOM_longest_orfs_43_GTGGCC_L004_R1_paired_trimmed_paired_contig_8623_m.7971 1.2356035 1.2356035 1.2551637 0.7494948 1.2013314 0.4402770 0.0000000 0.4113269 1.1616907 0.6277561 
Sca_longest_orfs_TRINITY_DN3727_c0_g1_i1_m.6825                                  1.2753074 1.2753074 1.1972063 0.9052348 1.0581671 0.2674908 0.4113269 0.0000000 0.6934025 0.4929109 
Amo_longest_orfs_TRINITY_DN31014_c0_g1_i1_m.4494                                 1.5798819 1.5798819 2.2707089 1.0766506 1.1400490 0.6954213 1.1616907 0.6934025 0.0000000 0.2891197 
Dve_longest_orfs_TRINITY_DN31226_c0_g1_i1_m.2572                                 1.1351506 1.1351506 1.5308493 0.9110994 1.0197395 0.6145633 0.6277561 0.4929109 0.2891197 0.0000000 
