12
Rca_longest_orfs_TRINITY_DN20804_c0_g1_i1_m.4062                                 0.0000000 0.2601503 0.2630166 0.5722993 0.5722993 0.4953967 0.4922232 0.4361426 0.4589909 0.4579562 0.6868947 0.7481728 
Gro_GLOM_longest_orfs_43_GTGGCC_L004_R1_paired_trimmed_paired_contig_4915_m.4993 0.2601503 0.0000000 0.2519808 0.5957338 0.5957338 0.4652094 0.4726934 0.4942261 0.5098221 0.4531513 0.7054302 0.6842716 
Sca_longest_orfs_TRINITY_DN10393_c0_g1_i1_m.6358                                 0.2630166 0.2519808 0.0000000 0.5935825 0.5935825 0.4797927 0.4859281 0.4253162 0.4616381 0.4377949 0.7466052 0.7280761 
Pbr_longest_orfs_TRINITY_DN13784_c0_g1_i1_m.6173                                 0.5722993 0.5957338 0.5935825 0.0000000 0.0000010 0.5275506 0.5231343 0.4251086 0.3973944 0.4801869 0.6473812 0.6483489 
Ale_longest_orfs_TRINITY_DN103121_c0_g1_i1_m.2567                                0.5722993 0.5957338 0.5935825 0.0000010 0.0000000 0.5275506 0.5231343 0.4251086 0.3973944 0.4801869 0.6473812 0.6483489 
Fmo_longest_orfs_TRINITY_DN17635_c0_g1_i1_m.6204                                 0.4953967 0.4652094 0.4797927 0.5275506 0.5275506 0.0000000 0.3770280 0.3923955 0.3972274 0.4147932 0.7319134 0.7424180 
Rir-Ref_longest_orfs_step3_c2933_m.3561                                          0.4922232 0.4726934 0.4859281 0.5231343 0.5231343 0.3770280 0.0000000 0.4621102 0.3908320 0.4164950 0.8030952 0.7375440 
Ccl_longest_orfs_TRINITY_DN25367_c0_g1_i1_m.1764                                 0.4361426 0.4942261 0.4253162 0.4251086 0.4251086 0.3923955 0.4621102 0.0000000 0.4122415 0.3715511 0.6216746 0.6309047 
Amo_longest_orfs_TRINITY_DN34858_c0_g1_i1_m.1786                                 0.4589909 0.5098221 0.4616381 0.3973944 0.3973944 0.3972274 0.3908320 0.4122415 0.0000000 0.3157202 0.6617466 0.7386184 
Dve_longest_orfs_TRINITY_DN55214_c0_g1_i1_m.847                                  0.4579562 0.4531513 0.4377949 0.4801869 0.4801869 0.4147932 0.4164950 0.3715511 0.3157202 0.0000000 0.6385156 0.5918642 
Umbra1_Umbra1_221441                                                             0.6868947 0.7054302 0.7466052 0.6473812 0.6473812 0.7319134 0.8030952 0.6216746 0.6617466 0.6385156 0.0000000 0.6554702 
Morel1_Morel1_146809                                                             0.7481728 0.6842716 0.7280761 0.6483489 0.6483489 0.7424180 0.7375440 0.6309047 0.7386184 0.5918642 0.6554702 0.0000000 
