12
Morel1_Morel1_98241                                                              0.0000000 1.0113520 1.2653048 1.5190854 1.0975914 1.4581661 1.1831720 1.1606286 1.2051501 0.8339266 1.1079059 1.0855846 
Umbra1_Umbra1_209841                                                             1.0113520 0.0000000 0.9475790 1.0014472 1.0343543 1.3470828 0.9597981 1.0292791 1.0168871 0.6893378 1.0130309 0.7967664 
Pbr_longest_orfs_TRINITY_DN51629_c0_g1_i1_m.231                                  1.2653048 0.9475790 0.0000000 0.0959595 0.5537991 0.7061537 0.6115455 0.5347865 0.4839178 0.4547233 0.5062474 0.4999972 
Ale_longest_orfs_TRINITY_DN101757_c0_g1_i1_m.3277                                1.5190854 1.0014472 0.0959595 0.0000000 0.7099885 5.7057001 0.7643024 0.6802267 0.6045906 0.5872629 0.7358714 0.5907029 
Amo_longest_orfs_TRINITY_DN43655_c0_g1_i1_m.1776                                 1.0975914 1.0343543 0.5537991 0.7099885 0.0000000 0.3566145 0.5733201 0.4697332 0.4953461 0.4341327 0.3613605 0.3629687 
Dve_longest_orfs_TRINITY_DN11563_c0_g1_i1_m.5143                                 1.4581661 1.3470828 0.7061537 5.7057001 0.3566145 0.0000000 0.6056110 0.4961465 0.5481948 1.9929297 0.4488959 3.9082657 
Rca_longest_orfs_TRINITY_DN12026_c0_g1_i1_m.1795                                 1.1831720 0.9597981 0.6115455 0.7643024 0.5733201 0.6056110 0.0000000 0.2001323 0.2167536 0.3938672 0.4614099 0.4379617 
Gro_GLOM_longest_orfs_43_GTGGCC_L004_R1_paired_trimmed_paired_contig_4588_m.4698 1.1606286 1.0292791 0.5347865 0.6802267 0.4697332 0.4961465 0.2001323 0.0000000 0.1867154 0.3634348 0.3647895 0.3497616 
Sca_longest_orfs_TRINITY_DN13209_c0_g1_i1_m.8251                                 1.2051501 1.0168871 0.4839178 0.6045906 0.4953461 0.5481948 0.2167536 0.1867154 0.0000000 0.3516184 0.3913034 0.3469917 
Ccl_longest_orfs_TRINITY_DN31758_c0_g1_i1_m.2416                                 0.8339266 0.6893378 0.4547233 0.5872629 0.4341327 1.9929297 0.3938672 0.3634348 0.3516184 0.0000000 0.3110150 0.3089007 
Fmo_longest_orfs_TRINITY_DN22930_c0_g1_i1_m.5651                                 1.1079059 1.0130309 0.5062474 0.7358714 0.3613605 0.4488959 0.4614099 0.3647895 0.3913034 0.3110150 0.0000000 0.2229677 
Rir-Ref_longest_orfs_step3_c1439_m.1882                                          1.0855846 0.7967664 0.4999972 0.5907029 0.3629687 3.9082657 0.4379617 0.3497616 0.3469917 0.3089007 0.2229677 0.0000000 
