11
Morel1_Morel1_134857                                                             0.0000000 0.7475412 0.6875259 0.7907004 0.7250954 0.7121740 0.6519381 0.6420782 0.6622720 0.6656984 0.6673985 
Pbr_longest_orfs_TRINITY_DN74795_c0_g1_i1_m.860                                  0.7475412 0.0000000 0.0498809 0.5051128 0.5441236 0.4655482 0.4464813 0.3969854 0.5446885 0.5009711 0.4346201 
Ale_longest_orfs_TRINITY_DN96007_c0_g1_i1_m.1276                                 0.6875259 0.0498809 0.0000000 0.5367232 0.4550326 0.3750109 0.4445404 0.3685213 0.5429813 0.5185869 0.4596171 
Fmo_longest_orfs_TRINITY_DN57497_c0_g1_i1_m.1530                                 0.7907004 0.5051128 0.5367232 0.0000000 0.5395710 0.5068149 0.4409106 0.3841738 0.4670754 0.4237246 0.4458808 
Dve_longest_orfs_TRINITY_DN661_c0_g1_i1_m.3416                                   0.7250954 0.5441236 0.4550326 0.5395710 0.0000000 0.3745254 0.3745414 0.3169588 0.4120339 0.3573306 0.3609374 
Ccl_longest_orfs_TRINITY_DN24015_c0_g1_i1_m.937                                  0.7121740 0.4655482 0.3750109 0.5068149 0.3745254 0.0000000 0.3383968 0.3074511 0.3826621 0.3141566 0.3275525 
Amo_longest_orfs_TRINITY_DN33201_c0_g1_i1_m.3923                                 0.6519381 0.4464813 0.4445404 0.4409106 0.3745414 0.3383968 0.0000000 0.2394017 0.3028492 0.2661165 0.2573975 
Rir-Ref_longest_orfs_step3_rep_c169_m.211                                        0.6420782 0.3969854 0.3685213 0.3841738 0.3169588 0.3074511 0.2394017 0.0000000 0.3012034 0.2382255 0.2337691 
Sca_longest_orfs_TRINITY_DN4172_c0_g1_i1_m.7058                                  0.6622720 0.5446885 0.5429813 0.4670754 0.4120339 0.3826621 0.3028492 0.3012034 0.0000000 0.1752113 0.1456165 
Gro_GLOM_longest_orfs_43_GTGGCC_L004_R1_paired_trimmed_paired_contig_8967_m.8191 0.6656984 0.5009711 0.5185869 0.4237246 0.3573306 0.3141566 0.2661165 0.2382255 0.1752113 0.0000000 0.1183772 
Rca_longest_orfs_TRINITY_DN11907_c0_g1_i1_m.60                                   0.6673985 0.4346201 0.4596171 0.4458808 0.3609374 0.3275525 0.2573975 0.2337691 0.1456165 0.1183772 0.0000000 
