12
Morel1_Morel1_120289                                                             0.0000000 0.4579837 0.8483294 0.9327626 0.6564886 0.8769429 0.6821168 0.6809031 0.8523917 0.6207465 0.8646048 0.4960829 
Umbra1_Umbra1_228062                                                             0.4579837 0.0000000 0.8224837 0.8966792 0.6585967 0.9461095 0.6055954 0.6055789 0.7577109 0.6435211 0.8459774 0.4951709 
Pbr_longest_orfs_TRINITY_DN89259_c0_g1_i1_m.4510                                 0.8483294 0.8224837 0.0000000 0.0357475 2.3735010 0.4885899 0.5122970 0.5118981 0.4915977 0.4916220 0.5798629 0.5377329 
Ale_longest_orfs_TRINITY_DN101579_c0_g1_i1_m.5167                                0.9327626 0.8966792 0.0357475 0.0000000 1.8950661 0.4727755 0.4703140 0.4339273 0.3269129 0.4979294 0.5928870 9.0000000 
Ccl_longest_orfs_TRINITY_DN37456_c0_g1_i1_m.3393                                 0.6564886 0.6585967 2.3735010 1.8950661 0.0000000 2.2991125 0.3185236 0.3157544 2.5925608 0.2766848 2.2991125 0.2575958 
Fmo_longest_orfs_TRINITY_DN23231_c0_g1_i1_m.4300                                 0.8769429 0.9461095 0.4885899 0.4727755 2.2991125 0.0000000 0.3414328 0.2864575 0.2621550 0.1555792 0.3099758 9.0000000 
Sca_longest_orfs_TRINITY_DN6526_c0_g1_i1_m.8346                                  0.6821168 0.6055954 0.5122970 0.4703140 0.3185236 0.3414328 0.0000000 0.0482019 0.0795775 0.2190020 0.2623515 0.1717909 
Gro_GLOM_longest_orfs_43_GTGGCC_L004_R1_paired_trimmed_paired_contig_5221_m.5260 0.6809031 0.6055789 0.5118981 0.4339273 0.3157544 0.2864575 0.0482019 0.0000000 0.0731730 0.2081505 0.2179914 0.1434832 
Rca_longest_orfs_TRINITY_DN55310_c0_g1_i1_m.763                                  0.8523917 0.7577109 0.4915977 0.3269129 2.5925608 0.2621550 0.0795775 0.0731730 0.0000000 0.2508471 0.2479154 1.5650644 
Rir-Ref_longest_orfs_step3_c1659_m.2161                                          0.6207465 0.6435211 0.4916220 0.4979294 0.2766848 0.1555792 0.2190020 0.2081505 0.2508471 0.0000000 0.3185715 0.1295949 
Amo_longest_orfs_TRINITY_DN60830_c0_g1_i1_m.1659                                 0.8646048 0.8459774 0.5798629 0.5928870 2.2991125 0.3099758 0.2623515 0.2179914 0.2479154 0.3185715 0.0000000 0.1078477 
Dve_longest_orfs_TRINITY_DN60081_c0_g1_i1_m.1236                                 0.4960829 0.4951709 0.5377329 9.0000000 0.2575958 9.0000000 0.1717909 0.1434832 1.5650644 0.1295949 0.1078477 0.0000000 
