11
Morel1_Morel1_108103                                                             0.0000000 1.9552578 1.5671969 1.5671969 2.0432138 1.5840259 1.6374727 1.6103553 1.6185671 1.6244981 1.6803658 
Dve_longest_orfs_TRINITY_DN187848_c0_g1_i1_m.6196                                1.9552578 0.0000000 0.7152059 0.7152059 0.6678370 4.5020283 0.7925446 0.7870920 0.7418644 0.7007224 0.6781501 
Pbr_longest_orfs_TRINITY_DN65520_c0_g1_i1_m.4577                                 1.5671969 0.7152059 0.0000000 0.0000010 0.7414996 0.4207646 0.3781144 0.3770294 0.3924374 0.3584000 0.4055637 
Ale_longest_orfs_TRINITY_DN101345_c0_g1_i1_m.2976                                1.5671969 0.7152059 0.0000010 0.0000000 0.7414996 0.4207646 0.3781144 0.3770294 0.3924374 0.3584000 0.4055637 
Ccl_longest_orfs_TRINITY_DN19990_c0_g1_i1_m.1148                                 2.0432138 0.6678370 0.7414996 0.7414996 0.0000000 4.2385323 0.7316307 0.7369337 0.7570600 0.5238767 0.6322929 
Amo_longest_orfs_TRINITY_DN56594_c0_g1_i1_m.3175                                 1.5840259 4.5020283 0.4207646 0.4207646 4.2385323 0.0000000 0.2630315 0.2502623 0.2327358 0.3249974 0.4060324 
Sca_longest_orfs_TRINITY_DN21378_c0_g1_i1_m.6746                                 1.6374727 0.7925446 0.3781144 0.3781144 0.7316307 0.2630315 0.0000000 0.1180478 0.1185390 0.2523954 0.3033363 
Gro_GLOM_longest_orfs_43_GTGGCC_L004_R1_paired_trimmed_paired_contig_3934_m.4091 1.6103553 0.7870920 0.3770294 0.3770294 0.7369337 0.2502623 0.1180478 0.0000000 0.1093864 0.2529532 0.3414694 
Rca_longest_orfs_TRINITY_DN21011_c0_g1_i1_m.1137                                 1.6185671 0.7418644 0.3924374 0.3924374 0.7570600 0.2327358 0.1185390 0.1093864 0.0000000 0.2616828 0.3677862 
Rir-Ref_longest_orfs_remain_c6566_m.8570                                         1.6244981 0.7007224 0.3584000 0.3584000 0.5238767 0.3249974 0.2523954 0.2529532 0.2616828 0.0000000 0.2136625 
Fmo_longest_orfs_TRINITY_DN51584_c0_g1_i1_m.7069                                 1.6803658 0.6781501 0.4055637 0.4055637 0.6322929 0.4060324 0.3033363 0.3414694 0.3677862 0.2136625 0.0000000 
