12
Dve_longest_orfs_TRINITY_DN26627_c0_g1_i1_m.4600                                  0.0000000 1.6064869 1.3091519 1.6436005 1.7571397 1.6886729 3.9065800 1.5545330 1.9437666 1.6183941 1.7112415 1.6468197 
Umbra1_Umbra1_244546                                                              1.6064869 0.0000000 0.5533909 0.5207527 0.4629500 0.5213396 0.6190973 0.3941530 0.4045969 0.5505803 0.5517445 0.5611034 
Morel1_Morel1_133275                                                              1.3091519 0.5533909 0.0000000 0.5057029 0.5077369 0.4948732 0.6572697 0.3735887 0.3961078 0.5409039 0.5469084 0.5828125 
Rir-Ref_longest_orfs_step3_c864_m.1137                                            1.6436005 0.5207527 0.5057029 0.0000000 0.1888388 0.2633587 0.3212029 0.2833049 0.2915582 0.3507514 0.3264346 0.3546307 
Fmo_longest_orfs_TRINITY_DN25950_c0_g1_i1_m.5316                                  1.7571397 0.4629500 0.5077369 0.1888388 0.0000000 0.2889588 0.3541330 0.2548298 0.3090079 0.3822841 0.3769981 0.3795068 
Pbr_longest_orfs_TRINITY_DN65671_c0_g1_i1_m.3113                                  1.6886729 0.5213396 0.4948732 0.2633587 0.2889588 0.0000000 0.0000010 0.2260318 0.3436967 0.3987407 0.3560977 0.3916469 
Ale_longest_orfs_TRINITY_DN98783_c0_g1_i1_m.1076                                  3.9065800 0.6190973 0.6572697 0.3212029 0.3541330 0.0000010 0.0000000 1.0692713 0.4257525 0.4832142 0.4576424 0.4749037 
Ccl_longest_orfs_TRINITY_DN21287_c0_g1_i1_m.3315                                  1.5545330 0.3941530 0.3735887 0.2833049 0.2548298 0.2260318 1.0692713 0.0000000 0.2696135 0.3987347 0.3504680 0.3651658 
Amo_longest_orfs_TRINITY_DN51374_c0_g1_i1_m.4297                                  1.9437666 0.4045969 0.3961078 0.2915582 0.3090079 0.3436967 0.4257525 0.2696135 0.0000000 0.2603174 0.2328139 0.2119865 
Sca_longest_orfs_TRINITY_DN24086_c0_g1_i1_m.1672                                  1.6183941 0.5505803 0.5409039 0.3507514 0.3822841 0.3987407 0.4832142 0.3987347 0.2603174 0.0000000 0.0853096 0.0811385 
Gro_GLOM_longest_orfs_43_GTGGCC_L004_R1_paired_trimmed_paired_contig_10358_m.9187 1.7112415 0.5517445 0.5469084 0.3264346 0.3769981 0.3560977 0.4576424 0.3504680 0.2328139 0.0853096 0.0000000 0.0607212 
Rca_longest_orfs_TRINITY_DN20705_c0_g1_i1_m.7565                                  1.6468197 0.5611034 0.5828125 0.3546307 0.3795068 0.3916469 0.4749037 0.3651658 0.2119865 0.0811385 0.0607212 0.0000000 
