11
Morel1_Morel1_133693                                                           0.0000000 1.9029339 1.2676930 1.2195786 2.4884871 0.9272790 0.8661390 0.9947196 0.9058621 1.1217666 1.4370002 
Pbr_longest_orfs_TRINITY_DN84705_c0_g1_i1_m.6687                               1.9029339 0.0000000 0.0040938 0.5563714 1.5621063 0.6213478 1.0385953 1.3498758 0.9144517 1.0869584 1.3456285 
Ale_longest_orfs_TRINITY_DN108281_c0_g1_i1_m.2483                              1.2676930 0.0040938 0.0000000 0.7924195 1.5409130 0.5214759 0.7967146 0.9289144 0.7119481 0.8212506 1.0386641 
Ccl_longest_orfs_TRINITY_DN5790_c0_g1_i1_m.1936                                1.2195786 0.5563714 0.7924195 0.0000000 0.5955076 0.8013846 0.6525031 0.6941420 0.6779653 0.5325078 0.6440908 
Dve_longest_orfs_TRINITY_DN28956_c0_g1_i1_m.4172                               2.4884871 1.5621063 1.5409130 0.5955076 0.0000000 0.4578358 1.2022248 1.4980476 1.1894479 1.3475089 1.4715949 
Amo_longest_orfs_TRINITY_DN15279_c0_g1_i1_m.1428                               0.9272790 0.6213478 0.5214759 0.8013846 0.4578358 0.0000000 0.4293068 0.4256298 0.4005208 0.4239293 0.5091846 
Gro_GLOM_longest_orfs_43_GTGGCC_L004_R1_paired_trimmed_paired_contig_282_m.313 0.8661390 1.0385953 0.7967146 0.6525031 1.2022248 0.4293068 0.0000000 0.1607990 0.1900051 0.4314852 0.6075072 
Sca_longest_orfs_TRINITY_DN7703_c0_g1_i1_m.3586                                0.9947196 1.3498758 0.9289144 0.6941420 1.4980476 0.4256298 0.1607990 0.0000000 0.1785752 0.4923678 0.7399234 
Rca_longest_orfs_TRINITY_DN22994_c0_g1_i1_m.5732                               0.9058621 0.9144517 0.7119481 0.6779653 1.1894479 0.4005208 0.1900051 0.1785752 0.0000000 0.3814781 0.5943804 
Fmo_longest_orfs_TRINITY_DN23710_c0_g1_i1_m.3864                               1.1217666 1.0869584 0.8212506 0.5325078 1.3475089 0.4239293 0.4314852 0.4923678 0.3814781 0.0000000 0.3244379 
Rir-Ref_longest_orfs_step3_c3638_m.4155                                        1.4370002 1.3456285 1.0386641 0.6440908 1.4715949 0.5091846 0.6075072 0.7399234 0.5943804 0.3244379 0.0000000 
