12
Umbra1_Umbra1_218973                                                           0.0000000 1.7075193 0.7967077 1.5553562 1.4316171 1.2582050 1.5426997 0.9090325 0.7030785 1.4596135 1.2881045 1.4187551 
Morel1_Morel1_134006                                                           1.7075193 0.0000000 0.7979810 1.6004297 1.4537305 1.4285724 1.6197019 0.7498768 0.6404179 1.5335585 1.4104842 1.5403274 
Ccl_longest_orfs_TRINITY_DN37436_c0_g1_i1_m.3391                               0.7967077 0.7979810 0.0000000 0.4311471 0.3691961 0.5741606 0.5832426 0.4412629 0.3310667 0.4076536 0.4787970 0.4188317 
Fmo_longest_orfs_TRINITY_DN14328_c0_g1_i1_m.1658                               1.5553562 1.6004297 0.4311471 0.0000000 0.1704127 0.6797391 0.7850116 0.3793077 0.3503497 0.4936966 0.4929695 0.5052849 
Rir-Ref_longest_orfs_step3_rep_c36_m.42                                        1.4316171 1.4537305 0.3691961 0.1704127 0.0000000 0.5532341 0.6557512 0.3192262 0.3284008 0.5022228 0.4819495 0.4953164 
Pbr_longest_orfs_TRINITY_DN23105_c0_g1_i1_m.6397                               1.2582050 1.4285724 0.5741606 0.6797391 0.5532341 0.0000000 0.0000010 0.3509142 0.4224173 0.6205105 0.6874881 0.6197825 
Ale_longest_orfs_TRINITY_DN83552_c0_g1_i1_m.215                                1.5426997 1.6197019 0.5832426 0.7850116 0.6557512 0.0000010 0.0000000 0.3509142 0.4224173 0.7422003 0.7390511 0.7288110 
Dve_longest_orfs_TRINITY_DN51197_c0_g1_i1_m.2843                               0.9090325 0.7498768 0.4412629 0.3793077 0.3192262 0.3509142 0.3509142 0.0000000 0.3433533 0.2998315 0.3616974 0.3258422 
Amo_longest_orfs_TRINITY_DN3814_c0_g1_i1_m.3095                                0.7030785 0.6404179 0.3310667 0.3503497 0.3284008 0.4224173 0.4224173 0.3433533 0.0000000 0.2351559 0.2792173 0.2520312 
Sca_longest_orfs_TRINITY_DN24090_c0_g1_i1_m.1629                               1.4596135 1.5335585 0.4076536 0.4936966 0.5022228 0.6205105 0.7422003 0.2998315 0.2351559 0.0000000 0.1907412 0.1722280 
Gro_GLOM_longest_orfs_43_GTGGCC_L004_R1_paired_trimmed_paired_contig_117_m.134 1.2881045 1.4104842 0.4787970 0.4929695 0.4819495 0.6874881 0.7390511 0.3616974 0.2792173 0.1907412 0.0000000 0.1243147 
Rca_longest_orfs_TRINITY_DN34317_c0_g1_i1_m.2008                               1.4187551 1.5403274 0.4188317 0.5052849 0.4953164 0.6197825 0.7288110 0.3258422 0.2520312 0.1722280 0.1243147 0.0000000 
