10
Rir-Ref_longest_orfs_remain_c4196_m.6995                                           0.0000000 4.1605631 2.8389848 3.6556083 3.9628004 3.1427167 3.0230753 2.9509340 2.9471990 2.8529634 
Amo_longest_orfs_TRINITY_DN28457_c0_g1_i1_m.4028                                   4.1605631 0.0000000 0.3904294 0.6038256 0.5626344 0.8256037 0.6942759 0.6689910 0.6603562 0.6352098 
Dve_longest_orfs_TRINITY_DN43060_c0_g1_i1_m.1630                                   2.8389848 0.3904294 0.0000000 0.4786214 0.4786214 0.5371985 0.5715695 0.4429544 0.4220070 0.4213568 
Pbr_longest_orfs_TRINITY_DN35521_c0_g1_i1_m.4492                                   3.6556083 0.6038256 0.4786214 0.0000000 0.0000010 0.5220738 0.5268662 0.5674620 0.4850671 0.4798788 
Ale_longest_orfs_TRINITY_DN22527_c0_g1_i1_m.834                                    3.9628004 0.5626344 0.4786214 0.0000010 0.0000000 0.5817316 0.5750672 0.6022594 0.5263246 0.5213545 
Fmo_longest_orfs_TRINITY_DN18429_c0_g1_i1_m.1335                                   3.1427167 0.8256037 0.5371985 0.5220738 0.5817316 0.0000000 0.5753283 0.4901427 0.4301839 0.4471773 
Ccl_longest_orfs_TRINITY_DN21474_c0_g1_i1_m.2543                                   3.0230753 0.6942759 0.5715695 0.5268662 0.5750672 0.5753283 0.0000000 0.4479015 0.4246184 0.4098225 
Sca_longest_orfs_TRINITY_DN24365_c0_g1_i1_m.1315                                   2.9509340 0.6689910 0.4429544 0.5674620 0.6022594 0.4901427 0.4479015 0.0000000 0.1851250 0.1811174 
Gro_GLOM_longest_orfs_43_GTGGCC_L004_R1_paired_trimmed_paired_contig_13000_m.10775 2.9471990 0.6603562 0.4220070 0.4850671 0.5263246 0.4301839 0.4246184 0.1851250 0.0000000 0.1259765 
Rca_longest_orfs_TRINITY_DN1415_c0_g1_i1_m.1863                                    2.8529634 0.6352098 0.4213568 0.4798788 0.5213545 0.4471773 0.4098225 0.1811174 0.1259765 0.0000000 
