12
Umbra1_Umbra1_249996                                                             0.0000000 0.9695474 1.0725139 1.0064077 1.0780776 1.0512159 1.1347837 1.1422058 1.0997997 1.7829936 0.9955962 0.9478544 
Morel1_Morel1_147571                                                             0.9695474 0.0000000 1.0881712 1.0297354 1.0903322 1.1067236 1.0777450 1.1580706 1.0311015 1.6551788 0.9832590 0.9435642 
Ccl_longest_orfs_TRINITY_DN9749_c0_g1_i1_m.498                                   1.0725139 1.0881712 0.0000000 0.4629021 0.4577320 0.4471542 0.4761828 0.5600974 0.4589517 0.8227814 0.4610006 0.5767634 
Sca_longest_orfs_TRINITY_DN18899_c0_g1_i1_m.6431                                 1.0064077 1.0297354 0.4629021 0.0000000 0.1977749 0.2022109 0.4633339 0.5757310 0.5047715 0.9515176 0.5472060 0.5919938 
Gro_GLOM_longest_orfs_43_GTGGCC_L004_R1_paired_trimmed_paired_contig_3529_m.3721 1.0780776 1.0903322 0.4577320 0.1977749 0.0000000 0.1968304 0.3911563 0.5054640 0.4660996 0.8382006 0.4982290 0.5943742 
Rca_longest_orfs_TRINITY_DN39109_c0_g1_i1_m.3082                                 1.0512159 1.1067236 0.4471542 0.2022109 0.1968304 0.0000000 0.4698207 0.5500599 0.4740478 0.9304489 0.4381073 0.5077380 
Amo_longest_orfs_TRINITY_DN28902_c0_g1_i1_m.3424                                 1.1347837 1.0777450 0.4761828 0.4633339 0.3911563 0.4698207 0.0000000 0.5463087 0.4562307 0.9768549 0.4809308 0.5141602 
Fmo_longest_orfs_TRINITY_DN21431_c0_g1_i1_m.5404                                 1.1422058 1.1580706 0.5600974 0.5757310 0.5054640 0.5500599 0.5463087 0.0000000 0.3181022 0.7638199 0.4219678 0.5075165 
Rir-Ref_longest_orfs_step3_c916_m.1206                                           1.0997997 1.0311015 0.4589517 0.5047715 0.4660996 0.4740478 0.4562307 0.3181022 0.0000000 0.8861375 0.4446662 0.5368975 
Dve_longest_orfs_TRINITY_DN47158_c0_g1_i1_m.2974                                 1.7829936 1.6551788 0.8227814 0.9515176 0.8382006 0.9304489 0.9768549 0.7638199 0.8861375 0.0000000 0.8199846 2.5254936 
Pbr_longest_orfs_TRINITY_DN47937_c0_g1_i1_m.5705                                 0.9955962 0.9832590 0.4610006 0.5472060 0.4982290 0.4381073 0.4809308 0.4219678 0.4446662 0.8199846 0.0000000 0.0000010 
Ale_longest_orfs_TRINITY_DN94832_c0_g1_i1_m.255                                  0.9478544 0.9435642 0.5767634 0.5919938 0.5943742 0.5077380 0.5141602 0.5075165 0.5368975 2.5254936 0.0000010 0.0000000 
