12
Umbra1_Umbra1_256915                                                             0.0000000 3.9503788 1.2092886 1.3123691 1.1338541 1.1985898 1.2344993 1.1370764 1.1384583 1.3998829 1.1352513 1.4208160 
Dve_longest_orfs_TRINITY_DN95508_c0_g1_i1_m.1037                                 3.9503788 0.0000000 3.1969429 1.1029962 2.0441518 2.1585925 2.2899092 1.8855628 2.1295321 1.5518662 2.4607052 1.5164601 
Morel1_Morel1_410219                                                             1.2092886 3.1969429 0.0000000 1.1539410 0.8598327 0.8791708 0.9201323 0.8674769 0.8997835 1.0306435 0.8689855 0.8710830 
Ccl_longest_orfs_TRINITY_DN28343_c0_g1_i1_m.917                                  1.3123691 1.1029962 1.1539410 0.0000000 0.5287566 0.5666568 0.5560595 0.5034888 0.5275926 0.4642857 0.5182131 0.3947117 
Fmo_longest_orfs_TRINITY_DN12493_c0_g1_i1_m.6700                                 1.1338541 2.0441518 0.8598327 0.5287566 0.0000000 0.1922704 0.3224665 0.3278027 0.3154547 0.3625663 0.3571136 0.3952206 
Rir-Ref_longest_orfs_step3_c753_m.1008                                           1.1985898 2.1585925 0.8791708 0.5666568 0.1922704 0.0000000 0.3967436 0.3705857 0.3635025 0.4164751 0.3702881 0.4353730 
Rca_longest_orfs_TRINITY_DN2593_c0_g1_i1_m.229                                   1.2344993 2.2899092 0.9201323 0.5560595 0.3224665 0.3967436 0.0000000 0.0866836 0.1121678 0.3265760 0.3575589 0.4529668 
Gro_GLOM_longest_orfs_43_GTGGCC_L004_R1_paired_trimmed_paired_contig_5705_m.5712 1.1370764 1.8855628 0.8674769 0.5034888 0.3278027 0.3705857 0.0866836 0.0000000 0.0818058 0.2694515 0.3479300 0.4348295 
Sca_longest_orfs_TRINITY_DN3002_c0_g1_i1_m.7895                                  1.1384583 2.1295321 0.8997835 0.5275926 0.3154547 0.3635025 0.1121678 0.0818058 0.0000000 0.2697173 0.3263682 0.3221690 
Amo_longest_orfs_TRINITY_DN23511_c0_g1_i1_m.316                                  1.3998829 1.5518662 1.0306435 0.4642857 0.3625663 0.4164751 0.3265760 0.2694515 0.2697173 0.0000000 0.3552744 0.2619256 
Pbr_longest_orfs_TRINITY_DN72511_c0_g1_i1_m.4014                                 1.1352513 2.4607052 0.8689855 0.5182131 0.3571136 0.3702881 0.3575589 0.3479300 0.3263682 0.3552744 0.0000000 0.0094459 
Ale_longest_orfs_TRINITY_DN109816_c0_g1_i1_m.2309                                1.4208160 1.5164601 0.8710830 0.3947117 0.3952206 0.4353730 0.4529668 0.4348295 0.3221690 0.2619256 0.0094459 0.0000000 
