12
Umbra1_Umbra1_225857                                                             0.0000000 0.1691395 0.2563658 0.2445963 0.2182604 0.1723454 0.1545393 0.1920615 0.2187757 0.2168928 0.2016449 0.1765958 
Morel1_Morel1_136425                                                             0.1691395 0.0000000 0.2016049 0.1934634 0.1728530 0.1410134 0.1069097 0.1491068 0.1447163 0.1582251 0.1512567 0.1342572 
Amo_longest_orfs_TRINITY_DN27091_c0_g1_i1_m.415                                  0.2563658 0.2016049 0.0000000 0.1668684 0.1605404 0.1244998 0.1345332 0.1330553 0.1015454 0.1123768 0.1180942 0.1221665 
Ccl_longest_orfs_TRINITY_DN24883_c0_g1_i1_m.1903                                 0.2445963 0.1934634 0.1668684 0.0000000 0.1692112 0.1413984 0.1287242 0.1096428 0.0982798 0.1165358 0.1093142 0.1042073 
Dve_longest_orfs_TRINITY_DN35004_c0_g1_i1_m.3971                                 0.2182604 0.1728530 0.1605404 0.1692112 0.0000000 0.1132839 0.1270951 0.1228002 0.0886584 0.1074963 0.1123366 0.1103153 
Pbr_longest_orfs_TRINITY_DN88976_c0_g1_i1_m.6938                                 0.1723454 0.1410134 0.1244998 0.1413984 0.1132839 0.0000000 0.0000010 0.1338645 0.0821142 0.0862862 0.0922437 0.0845559 
Ale_longest_orfs_TRINITY_DN108656_c0_g1_i1_m.3792                                0.1545393 0.1069097 0.1345332 0.1287242 0.1270951 0.0000010 0.0000000 0.1393629 0.0779500 0.0922199 0.0917424 0.0731677 
Rir-Ref_longest_orfs_step3_c1993_m.2574                                          0.1920615 0.1491068 0.1330553 0.1096428 0.1228002 0.1338645 0.1393629 0.0000000 0.0800960 0.0953305 0.0890329 0.0636287 
Fmo_longest_orfs_TRINITY_DN23596_c0_g1_i1_m.636                                  0.2187757 0.1447163 0.1015454 0.0982798 0.0886584 0.0821142 0.0779500 0.0800960 0.0000000 0.0645564 0.0582082 0.0573102 
Rca_longest_orfs_TRINITY_DN24443_c0_g1_i1_m.4700                                 0.2168928 0.1582251 0.1123768 0.1165358 0.1074963 0.0862862 0.0922199 0.0953305 0.0645564 0.0000000 0.0276896 0.0388793 
Sca_longest_orfs_TRINITY_DN9452_c0_g1_i1_m.5679                                  0.2016449 0.1512567 0.1180942 0.1093142 0.1123366 0.0922437 0.0917424 0.0890329 0.0582082 0.0276896 0.0000000 0.0331509 
Gro_GLOM_longest_orfs_43_GTGGCC_L004_R1_paired_trimmed_paired_contig_4551_m.4659 0.1765958 0.1342572 0.1221665 0.1042073 0.1103153 0.0845559 0.0731677 0.0636287 0.0573102 0.0388793 0.0331509 0.0000000 
