12
Morel1_Morel1_134002                                                             0.0000000 0.5762678 0.7462999 0.8167531 0.5913472 0.5959855 5.2949694 4.8388305 0.5325410 0.6440423 0.6121085 0.6452128 
Umbra1_Umbra1_225391                                                             0.5762678 0.0000000 0.6365303 0.6766084 0.5454370 0.5385871 6.5447537 4.4952016 0.4621591 0.4976254 0.5293643 0.5529632 
Pbr_longest_orfs_TRINITY_DN75653_c0_g1_i1_m.7085                                 0.7462999 0.6365303 0.0000000 0.0000010 0.4113786 0.3554002 6.4129933 4.5403291 0.3803784 0.3785497 0.4285410 0.4407144 
Ale_longest_orfs_TRINITY_DN94258_c0_g1_i1_m.577                                  0.8167531 0.6766084 0.0000010 0.0000000 0.4423069 0.3715635 6.3852987 4.5403291 0.3803784 0.4089832 0.4693871 0.4818855 
Fmo_longest_orfs_TRINITY_DN26744_c0_g1_i1_m.6511                                 0.5913472 0.5454370 0.4113786 0.4423069 0.0000000 0.1084657 4.8392188 3.8664378 0.2830645 0.3213668 0.3315647 0.3045445 
Rir-Ref_longest_orfs_step3_c1697_m.2210                                          0.5959855 0.5385871 0.3554002 0.3715635 0.1084657 0.0000000 5.0023833 4.1212060 0.2694491 0.3121252 0.2994322 0.2997750 
Dve_longest_orfs_TRINITY_DN54078_c0_g1_i1_m.1474                                 5.2949694 6.5447537 6.4129933 6.3852987 4.8392188 5.0023833 0.0000000 0.7645564 5.5805802 5.2925703 5.1470113 5.2112343 
Ccl_longest_orfs_TRINITY_DN29100_c0_g1_i1_m.3847                                 4.8388305 4.4952016 4.5403291 4.5403291 3.8664378 4.1212060 0.7645564 0.0000000 4.8573501 3.9260236 4.0277216 4.0525585 
Amo_longest_orfs_TRINITY_DN7825_c0_g1_i1_m.2356                                  0.5325410 0.4621591 0.3803784 0.3803784 0.2830645 0.2694491 5.5805802 4.8573501 0.0000000 0.2163569 0.2155212 0.2289801 
Sca_longest_orfs_TRINITY_DN8440_c0_g1_i1_m.4042                                  0.6440423 0.4976254 0.3785497 0.4089832 0.3213668 0.3121252 5.2925703 3.9260236 0.2163569 0.0000000 0.1181890 0.1332557 
Rca_longest_orfs_TRINITY_DN39391_c0_g1_i1_m.532                                  0.6121085 0.5293643 0.4285410 0.4693871 0.3315647 0.2994322 5.1470113 4.0277216 0.2155212 0.1181890 0.0000000 0.0769040 
Gro_GLOM_longest_orfs_43_GTGGCC_L004_R1_paired_trimmed_paired_contig_1216_m.1325 0.6452128 0.5529632 0.4407144 0.4818855 0.3045445 0.2997750 5.2112343 4.0525585 0.2289801 0.1332557 0.0769040 0.0000000 
