10
Ccl_longest_orfs_TRINITY_DN10019_c0_g1_i1_m.3813                                 0.0000000 1.2820446 0.5948205 0.6757223 0.6431227 0.6654347 0.6300080 0.6162430 0.5896520 0.5995305 
Pbr_longest_orfs_TRINITY_DN39169_c0_g1_i1_m.2810                                 1.2820446 0.0000000 1.1698549 0.2178928 0.1621645 0.2014980 0.1952561 0.2241764 0.2297137 0.2261730 
Ale_longest_orfs_TRINITY_DN148762_c0_g1_i1_m.2853                                0.5948205 1.1698549 0.0000000 0.2215570 0.1940944 0.1929698 0.1913705 0.2046815 0.2040088 0.1965585 
Fmo_longest_orfs_TRINITY_DN28921_c0_g1_i1_m.7011                                 0.6757223 0.2178928 0.2215570 0.0000000 0.0672167 0.1009935 0.0960082 0.1080670 0.1149452 0.1137620 
Rir-Ref_longest_orfs_step3_c1720_m.2237                                          0.6431227 0.1621645 0.1940944 0.0672167 0.0000000 0.1152702 0.1013913 0.0980656 0.1005769 0.0991399 
Dve_longest_orfs_TRINITY_DN123687_c0_g1_i1_m.6049                                0.6654347 0.2014980 0.1929698 0.1009935 0.1152702 0.0000000 0.0770510 0.1043838 0.1140784 0.1091178 
Amo_longest_orfs_TRINITY_DN25472_c0_g1_i1_m.3709                                 0.6300080 0.1952561 0.1913705 0.0960082 0.1013913 0.0770510 0.0000000 0.0782760 0.0704147 0.0668554 
Sca_longest_orfs_TRINITY_DN7254_c0_g1_i1_m.3170                                  0.6162430 0.2241764 0.2046815 0.1080670 0.0980656 0.1043838 0.0782760 0.0000000 0.0281946 0.0211795 
Gro_GLOM_longest_orfs_43_GTGGCC_L004_R1_paired_trimmed_paired_contig_1890_m.2048 0.5896520 0.2297137 0.2040088 0.1149452 0.1005769 0.1140784 0.0704147 0.0281946 0.0000000 0.0079867 
Rca_longest_orfs_TRINITY_DN18840_c0_g1_i1_m.1845                                 0.5995305 0.2261730 0.1965585 0.1137620 0.0991399 0.1091178 0.0668554 0.0211795 0.0079867 0.0000000 
