12
Morel1_Morel1_74430                                                              0.0000000 0.6963979 0.8356742 0.8356742 0.7900747 0.7089259 0.7135458 0.6949597 0.7462932 0.6583893 0.7270323 0.7351114 
Umbra1_Umbra1_253930                                                             0.6963979 0.0000000 0.8524636 0.8524636 0.7577677 0.7146910 0.6974328 0.6314346 0.7670024 0.7066743 0.7346391 0.7109529 
Pbr_longest_orfs_TRINITY_DN124033_c0_g1_i1_m.8708                                0.8356742 0.8524636 0.0000000 0.0000010 0.5586726 0.5243717 0.5388500 0.4196213 0.5487947 0.5094590 0.5179886 0.5079061 
Ale_longest_orfs_TRINITY_DN179082_c0_g1_i1_m.4788                                0.8356742 0.8524636 0.0000010 0.0000000 0.5586726 0.5243717 0.5388500 0.4196213 0.5487947 0.5094590 0.5179886 0.5079061 
Ccl_longest_orfs_TRINITY_DN38820_c0_g1_i1_m.1699                                 0.7900747 0.7577677 0.5586726 0.5586726 0.0000000 0.3835970 0.4533632 0.3705076 0.3788071 0.4455475 0.4264939 0.4035306 
Fmo_longest_orfs_TRINITY_DN35261_c0_g1_i1_m.2366                                 0.7089259 0.7146910 0.5243717 0.5243717 0.3835970 0.0000000 0.1613528 0.2853186 0.3000612 0.3742489 0.3689789 0.3685430 
Rir-Ref_longest_orfs_step3_c2247_m.2874                                          0.7135458 0.6974328 0.5388500 0.5388500 0.4533632 0.1613528 0.0000000 0.2891913 0.3253068 0.3881637 0.3682647 0.3681731 
Amo_longest_orfs_TRINITY_DN33432_c0_g1_i1_m.949                                  0.6949597 0.6314346 0.4196213 0.4196213 0.3705076 0.2853186 0.2891913 0.0000000 0.1426848 0.2255168 0.2040985 0.1915355 
Dve_longest_orfs_TRINITY_DN209042_c0_g1_i1_m.397                                 0.7462932 0.7670024 0.5487947 0.5487947 0.3788071 0.3000612 0.3253068 0.1426848 0.0000000 0.2916940 0.2899233 0.2899050 
Gro_GLOM_longest_orfs_43_GTGGCC_L004_R1_paired_trimmed_paired_contig_5577_m.5611 0.6583893 0.7066743 0.5094590 0.5094590 0.4455475 0.3742489 0.3881637 0.2255168 0.2916940 0.0000000 0.1668184 0.1471673 
Sca_longest_orfs_TRINITY_DN24165_c0_g1_i1_m.7474                                 0.7270323 0.7346391 0.5179886 0.5179886 0.4264939 0.3689789 0.3682647 0.2040985 0.2899233 0.1668184 0.0000000 0.1059879 
Rca_longest_orfs_TRINITY_DN49817_c0_g1_i1_m.8855                                 0.7351114 0.7109529 0.5079061 0.5079061 0.4035306 0.3685430 0.3681731 0.1915355 0.2899050 0.1471673 0.1059879 0.0000000 
