12
Morel1_Morel1_155669                                                             0.0000000 0.9903453 1.6844861 0.9875808 1.7210172 0.9642574 1.0670457 1.1057706 1.0156346 1.0145523 1.0474952 1.0406490 
Umbra1_Umbra1_228793                                                             0.9903453 0.0000000 1.8606390 0.8967549 1.6300343 1.0328206 1.1174197 1.0930911 1.0327507 1.0177563 1.0512708 0.9706336 
Ccl_longest_orfs_TRINITY_DN19910_c0_g1_i1_m.1160                                 1.6844861 1.8606390 0.0000000 1.0771216 0.9596944 1.1835670 1.0434366 1.0673144 1.1071773 1.0937067 1.0245939 0.9666925 
Pbr_longest_orfs_TRINITY_DN69198_c0_g1_i1_m.1504                                 0.9875808 0.8967549 1.0771216 0.0000000 0.8884818 0.6687065 0.7377779 0.7850670 0.6717123 0.6924607 0.7345007 0.6966772 
Dve_longest_orfs_TRINITY_DN75592_c0_g1_i1_m.1532                                 1.7210172 1.6300343 0.9596944 0.8884818 0.0000000 1.4270382 0.8479916 0.8048268 0.6271863 0.5662257 0.7451624 0.6318508 
Ale_longest_orfs_TRINITY_DN107449_c0_g1_i1_m.2334                                0.9642574 1.0328206 1.1835670 0.6687065 1.4270382 0.0000000 0.7087827 0.7397748 0.7118946 0.6423771 0.6872418 0.6862547 
Fmo_longest_orfs_TRINITY_DN18352_c0_g1_i1_m.78                                   1.0670457 1.1174197 1.0434366 0.7377779 0.8479916 0.7087827 0.0000000 0.2647416 0.5715622 0.5376853 0.6160486 0.5471319 
Rir-Ref_longest_orfs_remain_c1939_m.5475                                         1.1057706 1.0930911 1.0673144 0.7850670 0.8048268 0.7397748 0.2647416 0.0000000 0.5999822 0.5857918 0.6085049 0.5608248 
Amo_longest_orfs_TRINITY_DN33103_c0_g1_i1_m.3519                                 1.0156346 1.0327507 1.1071773 0.6717123 0.6271863 0.7118946 0.5715622 0.5999822 0.0000000 0.3824318 0.4366599 0.3989742 
Sca_longest_orfs_TRINITY_DN15916_c0_g1_i1_m.8041                                 1.0145523 1.0177563 1.0937067 0.6924607 0.5662257 0.6423771 0.5376853 0.5857918 0.3824318 0.0000000 0.1499399 0.1238440 
Gro_GLOM_longest_orfs_43_GTGGCC_L004_R1_paired_trimmed_paired_contig_6712_m.6480 1.0474952 1.0512708 1.0245939 0.7345007 0.7451624 0.6872418 0.6160486 0.6085049 0.4366599 0.1499399 0.0000000 0.1299281 
Rca_longest_orfs_TRINITY_DN11786_c0_g1_i1_m.3377                                 1.0406490 0.9706336 0.9666925 0.6966772 0.6318508 0.6862547 0.5471319 0.5608248 0.3989742 0.1238440 0.1299281 0.0000000 
