12
Umbra1_Umbra1_261237                                                             0.0000000 0.8939322 1.1229850 0.9770776 0.9249696 0.9059340 0.9059340 0.9756639 0.9644576 0.9551333 0.9066544 1.2189589 
Morel1_Morel1_73608                                                              0.8939322 0.0000000 0.4884904 0.4525375 0.4478560 0.4073287 0.4073287 0.4329290 0.4270900 0.4157453 0.3990313 0.4387989 
Ccl_longest_orfs_TRINITY_DN20668_c0_g1_i1_m.3098                                 1.1229850 0.4884904 0.0000000 0.2088596 0.2544523 0.2033211 0.2033211 0.1753662 0.1837444 0.1727250 0.1841314 0.1918595 
Fmo_longest_orfs_TRINITY_DN5111_c0_g1_i1_m.5058                                  0.9770776 0.4525375 0.2088596 0.0000000 0.0896068 0.1824243 0.1824243 0.2084219 0.1870015 0.1852875 0.1517636 0.1249730 
Rir-Ref_longest_orfs_remain_c2071_m.5542                                         0.9249696 0.4478560 0.2544523 0.0896068 0.0000000 0.2341938 0.2341938 0.2473711 0.2324529 0.2216917 0.1724352 0.1243565 
Pbr_longest_orfs_TRINITY_DN62185_c0_g1_i1_m.3358                                 0.9059340 0.4073287 0.2033211 0.1824243 0.2341938 0.0000000 0.0000010 0.1668685 0.1664241 0.1410338 0.1335788 0.1180793 
Ale_longest_orfs_TRINITY_DN93931_c0_g1_i1_m.1431                                 0.9059340 0.4073287 0.2033211 0.1824243 0.2341938 0.0000010 0.0000000 0.1668685 0.1664241 0.1410338 0.1335788 0.1180793 
Sca_longest_orfs_TRINITY_DN26953_c0_g1_i1_m.4774                                 0.9756639 0.4329290 0.1753662 0.2084219 0.2473711 0.1668685 0.1668685 0.0000000 0.1026587 0.0853799 0.1050007 0.1979753 
Gro_GLOM_longest_orfs_43_GTGGCC_L004_R1_paired_trimmed_paired_contig_5729_m.5733 0.9644576 0.4270900 0.1837444 0.1870015 0.2324529 0.1664241 0.1664241 0.1026587 0.0000000 0.0434144 0.1145337 0.1566119 
Rca_longest_orfs_TRINITY_DN15448_c0_g1_i1_m.8406                                 0.9551333 0.4157453 0.1727250 0.1852875 0.2216917 0.1410338 0.1410338 0.0853799 0.0434144 0.0000000 0.0890027 0.1298349 
Amo_longest_orfs_TRINITY_DN4793_c0_g1_i1_m.2727                                  0.9066544 0.3990313 0.1841314 0.1517636 0.1724352 0.1335788 0.1335788 0.1050007 0.1145337 0.0890027 0.0000000 0.0767661 
Dve_longest_orfs_TRINITY_DN54791_c0_g1_i1_m.1989                                 1.2189589 0.4387989 0.1918595 0.1249730 0.1243565 0.1180793 0.1180793 0.1979753 0.1566119 0.1298349 0.0767661 0.0000000 
